27
25
27
28
26
20
26
26
23
28
26
27
26
24
25
23
25
27
23
28
27
27
22
27
24
29
26
24
27
28
28
24
22
23
25
30
25
29
33
27
26
27
25
27
1
25
25
31
27
24
27
28
26
27
28
24
26
26
27
26
24
27
30
25
27
26
25
27
26
26
27
27
26
25
26
31
24
25
26
21
26
22
24
28
27
23
27
26
22
28
23
29
27
27
28
32
27
29
28
27
25
23
27
29
24
0
25
29
24
27
27
23
29
24
31
28
24
25
25
29
27
27
25
27
29
29
26
30
22
27
23
26
26
26
23
27
23
26
26
26
26
25
28
26
27
27
23
29
25
29
20
31
28
24
31
25
25
26
27
25
28
24
27
24
27
2
25
25
27
25
27
27
27
26
13
28
25
19
23
28
26
26
30
27
24
26
19
25
24
18
24
23
27
25
28
26
25
27
27
23
23
25
27
26
27
26
27
23
26
26
4
29
30
25
30
30
29
26
28
25
19
25
25
28
28
25
27
25
25
27
25
26
24
24
27
25
29
25
20
28
26
23
27
27
24
26
29
26
26
26
25
27
27
26
25
28
24
28
18
30
20
27
29
28
23
29
27
25
27
24
23
29
24
27
24
31
27
21
26
25
24
29
28
28
27
52
29
28
26
23
20
22
21
27
26
24
26
27
26
26
