2958072
1887055
1801995
5696034
707256
342514
6560160
4031788
8421328
250000
752063
922276
7872432
8667897
2527332
796274
4797045
9289761
8808176
8262485
1735006
3498660
2181312
490371
7716644
7119651
1620000
6047160
2091740
8907480
7794920
8050416
5134320
8722824
8767539
452155
8687010
7435980
3608644
3730860
6173822
4861654
1626884
8741265
217126
8317697
4890676
6302601
2558926
8241769
5917530
7519687
4088336
4990410
3412422
1806800
3109443
7245447
1239915
8651812
7440937
8488172
8092385
4871784
6431950
1747374
8311186
6616410
3102502
2779792
3383800
3413512
8357188
1323564
9142338
2672445
8883520
5837492
7356240
1361896
5244418
8727652
4215688
6606432
6540887
6424470
775620
4325448
2947551
1595650
8039538
964192
4969536
751941
1506492
4791150
7742790
169560
8858296
2968705
7513104
2829437
2643768
7268352
3911481
4339568
196562
2478278
2911590
6832232
1991244
4823580
3303949
5000000
2384585
5721448
8089018
9140374
9650967
4058104
1023720
9312090
9224040
1452167
1577840
1989420
2105334
1066314
250000
7578804
723280
1397771
1717920
5320824
3153983
3421548
2065284
4846500
5798320
8822016
5392812
2478528
1218624
6597948
9065364
8655948
916887
927100
4139460
7811024
9235742
883224
9210672
6418812
7589736
177364
514296
5699134
3144270
6359040
5606817
9201340
7091064
404200
2920514
399218
7883442
109668
5356768
1067220
2039375
1895731
3710748
958256
178276
5930162
5912711
7250112
3868397
4482504
9411527
7220358
3558928
3568118
2874336
8449896
5516086
895590
8288280
3063730
7092564
1699068
4555070
4356376
1383445
1559352
5694336
9282680
3345152
90332
4612905
2303176
4658936
4606474
0
7876910
3168599
5182010
3868020
172995
8434670
753705
1753008
9481840
7781070
5717060
3589458
8468720
9242904
5255094
7302750
3838838
144464
8485202
7418580
2411814
6833140
4027386
8982792
893622
6519432
5376357
713790
929118
7701967
4532352
3116970
4876245
1170432
980891
1784432
4302452
1599582
201300
938016
1362676
5553385
2210208
5465610
919306
1
8250210
115755
9345118
8753376
2997225
1702368
6189479
9087858
4788288
4167384
816966
4988360
3932562
9285965
3504600
2405777
8806970
8624836
6046058
2527470
4607793
4509912
5328708
3555700
6522472
7492320
587580
815660
6651552
4886452
2271268
4033282
63027
6242166
8804952
272130
5790635
2503318
4880561
1920623
294335
934623
7058172
1855230
6871875
4336956
3580200
3647460
7797636
