400
191
986689
9799119979
1965081322
-1172069962
-1807003378
-826410204
-1596838278
-349816063
-1824356485
-442836984
1687126055
9
-2076974229
965051101
1532099263
95778701
-626597943
672868276
46164
98089
-1453336549
-577279570
90321050
-433063757
-409125296
35953
11
-1261939838
1
923937689
162261
-1852459469
147795410
-1337976186
-1476081967
-605740671
1111
1379073460
-1709428752
1830951201
-66901276
1733629065
1961091228
1124811672
930378292
-2144550110
8071551708
-531552118
-11495178
460522709
-1129250027
6446
717717
-1144546810
71717
87379362
631848136
295693860
828
31044013
6446
955999559
8974114798
1798770874
339061376
128877360
-842879728
1055926793
47422474
942901014
-709382712
1786619694
-269054795
8038778308
-1275579404
-1987089729
-127130814
423786209
9670769
-1620825420
-1400348591
151
6291926
1153235323
19891
147767085
-1025702938
-1617551925
-1962405570
5
-1788377869
-1575012355
810322209
2332
452345573
-895256512
556518240
1527807748
259972333
-1270701724
-855381401
1322127882
-408710141
4774
190853813
1101301567
955593247
621001992
3113
999
87378
645605431
-534137421
24155142
42667183
1276937232
547431154
-305562326
-1316205049
115808511
167359351
599995
65333356
292
9425249
545
22
7557
8888
88
-34121761
-317546060
307703
-1380476779
-1227192298
1079647220
112645766
-1044919255
-226477763
1827155014
-1036355443
-673421780
-907027831
4866006684
1731223917
85777389
170694464
6226
2078674520
-1471705749
1445496682
-636431446
22
1051915076
83977938
1221892605
-232237657
1111
1729063886
5665
555251816
1560669901
1602265209
440044
1559680579
4884
-338455328
1590255754
1177847304
-1672165324
-2081000225
992574837
1819846263
836057731
-275678689
1372832696
633216620
-1822896972
1607775275
66
-194932114
8030308
56211265
-2098211105
-1376941546
-969194740
841243139
-403411706
-815957627
1955982038
1199702689
29292
386100978
7
-1644018673
1605918003
94066049
-1891386657
1170006954
53966935
-186824789
-1141664696
-649661294
1910466595
1536724931
-1768761932
-1545531489
-147396168
1969579313
2097032397
949
276672
4334
1511151309
55
-328819387
-1295579918
-564510367
-298310680
980571202
-1552561667
2031713021
1175986040
1115879547
1239765222
-1362944290
-723668515
1153153682
521125
-572415236
249191810
5299229925
2992
-634780522
-991861385
-2090113740
-1988777811
-430302684
17771
-982800321
0
-393023513
-613923044
-62720385
171
-2115165930
-1786266919
2039803317
531232811
12221
92388329
-821181120
-274128182
1588491577
313138158
-74937359
-296226986
-295333552
357878753
-761638322
777
508805
-2115133637
563768482
-988286094
949
-1059328861
-39143236
1555330819
175620390
78587
1507386291
351535153
7
-1373319312
7
68122186
0
8
1758936357
1019859966
1698937816
-222221923
1451378396
858582936
-291352403
66166
1051266614
-1496123577
1051467464
85419587
5661331665
484
1472402276
490042322
-1864065985
1382823667
22477422
81331656
1372723018
1031725876
1593855835
9876116789
-2119996462
616
125911554
-824247984
-148800968
-1145124680
1023718870
2068107824
-1283968862
1727588084
-891854828
1950819107
8448
387783
832978396
242070432
994821319
175571
1195352967
242510780
496562776
1551
111767852
-33519201
569268268
899075212
41518887
243598914
4
6796976
3
1022992201
613574696
-128832589
-1308300529
89750979
1928638692
5115
-1871306998
142244573
-245162019
-1445554076
88488
1232653944
514757415
571337453
-195555100
3223
50899805
0
-991967938
-814755176
515
839962591
-1434778684
9142772419
13366331
9
-2115994285
-1307236082
808
-1440821489
15451
1466665139
6006
-1544565489
905509
-239869426
-377807424
1373889917
947474749
5465645
55
1297620757
787
4420244
549779520
192447597
-1553822536
-564171713
243850047
961303697
-856560551
56165
20902
1802825077
-686009978
735934868
943381420
-1229503567
-760704686
501332842
1422950614
2
-831383289
-931953983
