86
73
2 2 1 2 1 0 1 1 2 2 2 0 1 1 2 1 0 1 1 1 0 0 2 0 1 2 0 1 0 0 0 1 2 1 1 0 1 1 1 2 2 0 2 0 1 1 2 2 1 0 2 2 0 0 2 1 1 2 2 0 2 2 1 2 0 1 2 0 1 2 0 2 1
11
1 1 1 1 1 1 1 2 1 1 1
79
1 0 1 1 0 2 2 0 0 2 2 0 0 1 2 0 1 0 1 1 2 2 2 2 2 1 1 0 2 0 0 0 2 1 2 0 2 2 2 2 1 1 0 0 2 2 1 2 1 0 0 1 1 0 2 2 2 1 1 2 0 0 0 1 2 2 0 1 0 0 1 1 2 2 2 0 0 1 0
154
1 2 1 0 1 2 0 1 0 2 2 2 2 2 0 1 2 2 1 0 1 1 1 1 0 0 0 1 0 0 1 1 0 0 2 0 1 2 0 2 1 1 1 0 0 2 0 2 1 0 2 2 0 0 2 2 0 0 2 0 0 2 0 2 1 0 1 1 0 2 0 2 0 1 0 0 2 1 2 1 0 2 1 2 1 0 0 2 1 2 0 0 1 1 1 0 2 0 2 1 2 2 2 2 2 1 1 2 2 1 2 2 1 0 2 0 1 2 0 0 0 2 1 0 1 2 1 2 1 0 1 1 1 1 0 1 2 1 2 0 2 0 2 2 1 0 1 1 1 1 2 2 1 0
184
2 2 2 1 0 2 2 0 0 1 2 0 1 1 0 1 1 1 2 2 2 2 1 1 0 1 2 0 2 0 1 1 0 0 0 2 1 1 1 2 1 2 1 0 2 0 1 1 1 0 1 1 0 2 0 0 0 0 0 2 0 1 0 2 1 1 1 1 1 2 0 0 2 2 1 0 1 2 2 2 0 2 0 1 0 1 2 2 2 0 2 1 0 1 1 1 2 1 0 0 0 1 0 2 2 2 1 1 0 2 1 0 1 0 2 1 1 1 2 2 0 2 0 2 2 0 1 1 1 1 0 2 0 2 1 2 2 0 1 1 2 0 0 2 1 0 1 1 0 1 2 1 2 0 0 2 2 1 0 1 1 1 2 1 0 2 1 2 0 1 1 2 2 1 0 0 1 1 0 2 0 0 1 1
252
0 1 1 2 2 0 1 2 2 1 2 2 2 2 0 0 2 1 2 2 1 0 2 1 1 2 0 0 0 1 0 1 1 0 1 0 2 1 0 1 1 0 1 1 0 2 2 1 1 2 1 2 0 1 0 0 1 1 2 0 0 2 0 2 2 2 1 0 0 1 1 1 2 2 2 2 0 1 2 0 0 0 1 0 1 1 1 1 0 1 1 1 1 0 1 0 0 2 1 0 2 0 0 0 0 2 1 1 2 2 1 1 0 1 1 2 0 1 1 1 2 1 1 0 2 1 1 0 1 1 0 2 1 0 0 0 0 2 0 1 1 2 1 1 0 1 2 0 1 0 1 0 0 1 2 2 2 2 2 2 1 0 0 2 0 0 2 2 2 2 1 2 1 0 0 0 2 1 0 0 1 0 2 2 0 0 2 2 2 2 0 0 1 1 2 2 2 1 2 2 2 1 0 1 0 2 1 0 1 0 2 0 0 0 0 1 1 1 0 1 0 0 0 0 2 0 2 1 0 0 0 2 1 1 0 0 2 0 2 0 2 0 1 0 2 0 1 0 1 2 0 1
57
0 0 0 0 1 1 0 2 1 2 1 2 0 1 0 0 0 0 2 1 2 0 2 2 2 1 2 1 0 0 2 0 2 0 2 0 2 0 1 0 2 0 1 0 1 0 1 2 2 2 2 2 0 2 0 2 0
260
1 0 2 0 0 1 2 2 0 2 0 0 0 0 2 0 2 0 1 2 0 0 0 2 2 1 2 2 0 1 1 0 0 0 2 1 1 2 0 2 0 0 2 2 2 2 0 1 2 2 1 0 0 0 1 2 2 2 1 0 1 0 2 2 2 1 1 0 0 0 0 2 2 2 1 1 1 2 1 0 0 2 0 1 2 2 0 0 1 2 2 1 2 2 2 0 1 1 0 2 2 0 1 1 2 1 0 2 2 1 2 0 2 1 2 0 1 1 2 0 1 2 1 0 2 1 0 2 0 1 0 0 2 1 2 0 2 0 0 1 0 2 0 2 1 1 0 0 1 2 2 1 2 2 1 0 1 2 2 2 0 0 0 1 0 2 2 2 1 1 0 1 1 0 0 2 0 2 2 0 1 2 1 0 0 0 1 1 0 2 1 2 1 2 2 0 0 0 1 2 0 0 0 0 1 1 1 1 2 2 1 0 0 1 1 2 0 0 0 2 1 0 2 2 0 2 2 1 1 1 0 2 1 0 0 2 0 1 1 0 1 2 2 2 0 2 0 1 1 1 0 0 0 1 2 1 1 0 0 0
227
1 2 0 1 2 2 2 1 1 2 1 0 2 2 0 1 0 2 1 0 0 1 2 0 0 0 2 1 0 0 2 1 0 1 2 1 2 1 1 0 2 1 2 2 0 1 1 1 0 0 2 2 1 2 1 0 2 2 2 2 1 1 0 1 2 1 1 1 2 0 1 0 0 2 0 1 0 2 1 2 1 0 0 0 0 0 2 1 0 1 0 0 1 2 0 1 1 2 1 1 1 2 1 2 1 1 0 1 1 0 1 0 1 1 0 1 1 0 1 1 0 2 0 1 1 2 0 0 0 0 2 2 2 0 2 1 1 1 2 1 0 2 0 1 2 2 0 0 2 0 2 1 2 0 2 2 2 2 1 2 1 2 2 0 1 1 1 0 2 0 1 1 2 1 2 2 2 0 1 1 1 0 1 2 2 1 2 2 1 0 2 0 2 0 0 1 0 0 0 1 2 1 0 1 0 1 1 0 1 1 2 0 2 1 0 2 2 1 1 0 1 1 1 0 2 2 2
23
1 1 2 0 0 2 2 2 0 2 0 1 1 1 1 2 2 0 0 2 2 2 1
155
2 2 0 2 1 1 1 2 1 2 2 1 0 1 1 0 1 0 2 2 0 1 0 0 0 1 1 0 0 2 1 0 2 2 2 1 0 0 0 0 1 0 1 1 1 1 2 0 0 0 0 2 1 1 0 0 2 2 1 2 0 0 2 0 2 1 0 0 2 2 0 0 1 1 2 0 1 0 1 1 2 2 1 2 0 2 0 2 0 0 2 2 0 2 1 2 0 0 1 1 2 0 1 2 0 1 0 0 2 0 1 2 2 2 0 0 0 2 0 0 1 2 1 1 2 1 1 1 2 1 2 2 2 2 0 0 0 1 0 2 0 0 1 1 2 0 2 1 2 0 0 1 2 0 1
37
2 2 2 1 0 0 2 0 2 2 0 0 1 2 0 2 2 1 1 0 2 1 0 2 1 0 2 0 2 0 0 0 0 2 0 0 0
229
2 0 1 2 1 1 2 2 2 2 0 0 2 0 2 1 1 2 2 1 1 2 0 2 2 2 1 1 2 2 1 1 0 0 1 1 2 0 2 1 1 1 2 2 1 0 1 2 2 0 0 1 1 2 2 2 1 1 2 1 0 2 0 0 1 1 1 0 2 1 0 2 0 1 1 0 1 1 0 1 0 2 0 2 0 1 2 1 2 1 1 2 0 1 1 1 0 2 2 1 2 2 2 1 2 0 0 0 0 0 1 2 2 2 0 1 1 2 2 0 0 2 0 2 1 1 1 0 1 0 0 1 0 1 2 1 0 0 1 2 1 0 2 0 1 1 1 0 2 2 0 2 1 2 2 2 2 2 2 1 2 0 2 2 1 2 1 2 0 1 0 1 1 0 2 1 1 1 0 2 1 1 1 0 1 2 2 1 1 1 0 0 2 0 1 2 0 2 1 2 0 0 0 1 0 0 1 2 2 1 2 2 1 1 0 1 0 2 0 2 0 2 1 0 1 2 1 1 2
221
0 0 1 0 0 1 1 2 1 2 2 0 0 1 0 1 0 0 1 1 0 1 1 0 1 0 0 2 1 1 0 2 1 1 1 1 1 0 1 1 0 0 1 0 2 1 1 1 2 0 2 2 0 0 2 0 1 0 1 1 0 1 0 2 0 0 1 1 1 0 1 1 2 0 2 1 0 1 2 2 0 0 1 0 2 2 1 1 2 0 1 1 0 1 0 1 1 0 2 0 2 2 1 0 1 2 1 1 0 2 0 2 2 2 1 2 1 1 1 2 0 2 1 2 1 2 1 2 1 0 0 2 0 2 2 0 0 1 1 0 1 0 1 1 2 0 0 2 1 2 2 2 2 0 0 1 2 2 2 1 0 2 0 0 2 0 2 2 2 2 1 2 2 1 2 2 0 2 0 1 0 1 0 1 0 0 1 1 1 2 2 1 1 0 2 0 1 0 2 1 0 0 0 2 0 1 1 2 0 0 2 1 0 1 1 1 0 1 1 2 1
175
2 1 0 0 2 0 0 2 0 1 2 1 2 2 0 1 1 2 2 2 2 2 1 2 0 1 1 2 2 1 2 0 0 1 1 1 1 0 0 2 2 0 2 0 1 0 2 2 2 0 1 1 1 1 1 1 1 2 0 0 2 1 1 2 2 0 0 1 2 0 1 0 2 0 1 2 0 1 1 2 2 2 0 1 0 1 2 0 0 2 1 1 0 2 1 2 2 0 1 1 1 0 0 2 1 2 2 1 0 2 2 2 2 0 2 1 2 1 0 1 0 1 0 1 1 2 1 1 2 0 2 0 0 0 2 1 0 2 0 2 2 1 0 0 0 1 1 1 1 1 2 0 0 0 1 2 1 1 1 0 2 1 0 0 0 0 1 2 1 2 2 2 0 1 2
25
0 0 0 2 2 1 0 2 0 1 1 0 1 0 1 2 2 2 0 1 0 2 2 2 1
272
2 2 2 0 2 0 1 1 0 1 0 2 0 1 1 1 1 0 2 2 0 2 2 2 0 1 1 0 1 2 1 2 2 0 1 0 0 0 2 0 2 2 0 1 0 2 2 1 1 2 2 1 1 2 1 0 2 2 2 1 1 2 1 2 1 0 1 0 2 0 2 1 0 0 2 1 2 1 2 2 2 0 1 2 1 2 1 2 2 2 1 0 0 0 0 0 2 2 2 1 1 0 1 0 2 0 0 2 2 2 1 2 2 0 0 2 1 1 2 1 0 2 1 1 0 0 2 2 1 0 1 2 2 1 1 2 1 2 0 1 0 0 1 1 2 2 2 2 1 0 2 2 1 2 0 2 0 2 0 0 0 1 2 1 1 0 0 1 1 2 1 2 1 1 2 1 0 0 2 1 1 2 1 0 0 0 2 0 1 1 0 1 1 0 1 0 1 0 0 1 0 1 2 2 1 1 1 0 0 1 2 1 2 0 1 1 2 2 2 2 0 0 1 2 2 1 1 2 1 0 0 2 0 2 1 2 1 1 0 1 1 2 1 0 2 2 0 2 2 1 1 1 0 1 1 2 1 2 0 2 2 0 0 2 0 1 2 2 1 1 0 1
5
0 0 2 1 0
87
2 0 0 0 1 2 2 2 1 2 1 0 0 2 1 0 1 2 0 1 0 2 1 0 2 2 2 1 2 0 0 2 2 0 1 1 2 1 0 1 2 0 0 1 0 2 0 2 2 1 0 0 0 2 1 2 0 0 1 2 2 2 1 2 1 1 2 0 0 1 1 1 1 1 2 0 1 0 2 1 2 2 0 2 2 2 0
216
0 0 2 1 2 0 0 1 0 1 1 0 0 1 1 1 2 2 1 2 0 0 2 0 1 0 2 2 2 1 0 0 0 0 0 0 1 2 0 1 1 2 0 0 0 2 1 1 2 1 0 0 2 0 2 2 1 0 1 2 0 2 0 2 0 2 2 0 0 0 1 1 2 0 0 2 1 2 0 1 1 0 2 1 2 2 2 0 0 2 0 1 0 1 1 2 0 2 0 2 2 2 1 2 2 0 2 2 1 0 1 1 0 1 2 1 0 2 2 1 2 0 0 0 1 2 2 1 2 0 1 1 2 1 0 1 2 0 1 0 1 0 1 1 2 1 2 2 0 1 2 2 1 0 1 1 2 1 1 2 0 1 2 1 0 0 2 0 0 2 1 0 1 1 1 0 2 0 1 0 0 0 2 1 0 2 2 1 0 0 2 1 0 2 1 0 0 0 2 0 2 1 0 2 2 1 0 1 2 0 2 0 0 2 1 2
168
0 2 0 0 0 2 1 2 2 2 2 0 1 0 0 1 1 2 2 2 0 1 1 1 1 2 1 2 0 2 1 1 1 2 1 2 2 2 2 2 0 0 1 1 1 0 2 2 2 0 2 1 0 2 1 0 2 2 2 2 2 2 1 0 0 0 1 1 2 1 2 2 0 1 1 2 1 2 1 0 0 1 2 1 2 2 2 1 2 2 1 1 0 1 0 0 0 0 1 2 1 1 2 1 2 1 0 0 1 0 1 0 1 1 0 1 0 0 2 1 0 2 1 2 1 1 1 0 0 0 1 0 2 1 0 1 0 1 0 0 0 1 1 1 2 1 1 1 1 2 0 2 1 0 2 0 1 2 1 1 0 2 2 2 0 1 1 2
158
2 0 2 0 2 1 1 0 2 2 1 1 0 2 2 1 1 2 2 1 1 1 2 0 2 1 0 0 2 1 2 2 1 2 1 2 1 0 2 1 1 1 2 0 2 1 0 2 2 1 2 2 0 2 0 0 1 1 0 2 0 2 1 0 1 0 2 2 1 0 0 2 0 1 0 1 0 0 2 0 1 1 2 1 1 2 1 0 1 0 0 1 0 0 0 1 1 0 1 2 1 1 0 1 1 1 1 1 1 2 2 0 2 2 1 1 1 2 2 2 1 2 1 1 2 2 1 2 1 0 1 0 2 1 1 1 2 0 2 1 0 1 1 2 2 0 0 0 1 2 0 1 2 0 2 0 0 1
64
1 2 0 2 0 2 1 2 1 2 1 1 1 1 0 2 2 1 0 2 1 1 0 2 1 0 2 1 2 0 2 1 1 1 2 0 1 2 2 0 0 2 2 2 0 2 2 2 1 0 1 0 0 2 1 0 0 2 2 2 1 1 0 0
60
2 0 1 2 1 1 2 0 0 1 1 2 2 2 2 1 0 1 0 0 0 2 1 1 0 2 0 1 0 0 1 2 2 1 0 2 0 0 0 2 1 2 1 2 0 0 2 2 1 1 0 1 2 2 2 1 1 0 2 0
87
1 1 1 2 0 1 0 1 0 2 1 1 0 1 1 2 1 1 1 2 0 2 1 2 1 2 0 0 1 1 1 0 2 0 0 1 1 2 2 1 1 2 0 0 0 0 0 2 1 1 2 2 2 2 2 1 2 2 2 2 0 2 1 1 2 0 1 2 0 1 1 0 0 0 0 0 1 1 2 2 1 2 2 2 2 2 0
153
2 0 0 2 2 2 0 1 0 1 1 2 0 0 2 0 1 1 2 1 1 1 2 1 0 0 0 1 1 0 0 2 1 1 2 0 1 0 2 1 2 2 2 2 1 2 0 2 1 2 1 2 2 2 0 2 0 1 2 2 1 0 2 0 0 1 1 1 2 0 0 2 0 0 0 2 1 2 0 1 2 1 2 2 2 0 1 2 1 1 0 0 0 1 0 1 0 2 2 1 0 0 2 0 2 2 2 1 2 2 2 1 2 1 2 2 1 2 2 2 2 0 2 1 2 2 0 1 1 2 0 0 1 1 0 0 0 1 2 0 0 0 1 2 1 1 1 0 1 0 2 1 1
60
0 0 1 0 0 0 0 2 1 1 1 0 0 0 0 1 1 1 0 2 0 0 1 1 1 1 1 0 2 1 0 0 2 1 1 1 2 2 1 0 1 2 0 2 2 2 1 0 1 0 1 2 2 1 2 1 2 0 0 0
160
2 2 1 2 2 0 2 0 1 0 0 0 2 2 2 2 2 1 1 1 2 0 2 2 2 0 1 2 1 0 0 0 2 1 1 0 1 1 2 2 2 2 1 1 2 1 1 0 2 2 1 0 0 0 1 0 1 1 0 1 0 1 1 0 0 1 2 1 1 2 1 0 0 1 2 1 0 1 2 1 2 0 1 1 0 0 0 0 0 1 2 2 0 2 1 1 1 1 1 2 1 1 0 2 1 1 1 2 0 1 0 2 0 1 1 1 2 1 2 0 0 2 1 0 0 0 1 0 2 0 1 0 1 0 0 0 2 0 1 2 2 2 1 2 2 0 1 1 2 1 1 2 1 2 2 1 2 2 1 2
252
2 2 1 2 0 0 1 1 1 1 1 1 1 1 2 1 1 0 0 2 0 1 2 1 1 0 1 0 1 0 1 1 1 0 1 2 2 0 2 0 1 0 1 1 0 0 0 1 0 0 1 1 1 0 2 2 0 2 2 0 2 1 2 1 0 1 2 1 2 2 2 2 0 1 1 1 2 1 0 2 2 2 2 2 0 0 1 1 1 0 2 0 2 1 2 0 2 2 2 0 2 2 0 0 1 0 2 1 2 0 0 0 2 0 0 0 0 0 0 0 1 2 0 2 0 2 0 2 0 2 2 1 2 0 2 0 1 1 2 0 2 0 2 0 1 2 2 1 2 1 0 1 1 0 0 1 1 1 0 2 1 2 2 2 0 2 2 1 2 1 0 1 1 1 2 0 0 1 1 2 0 1 0 1 0 0 0 1 0 0 2 1 1 1 2 1 0 2 1 1 2 0 1 2 1 1 1 1 2 0 1 0 1 2 0 1 2 0 2 1 0 2 1 2 1 0 2 0 2 1 2 0 2 0 1 2 0 0 0 1 0 2 1 0 1 0 1 1 0 0 2 2
2
1 2
182
1 1 1 2 1 2 2 0 2 2 1 2 2 2 0 0 0 0 1 1 2 2 2 2 2 1 1 0 1 0 0 1 1 2 0 0 1 1 2 0 1 2 2 1 1 0 2 0 1 0 1 0 2 2 0 2 2 2 1 2 2 1 1 2 0 1 0 0 1 2 0 2 0 0 0 0 0 0 2 0 1 0 0 0 0 1 2 2 0 0 2 1 2 2 0 1 2 0 2 1 1 2 1 1 2 1 1 2 1 0 1 0 2 0 2 1 2 2 1 1 0 0 0 2 0 0 2 1 1 1 1 0 1 1 0 0 1 0 2 2 1 1 0 0 0 2 0 0 2 0 0 2 2 0 2 2 0 0 2 1 2 1 2 0 0 0 0 2 0 2 1 0 2 1 2 0 0 0 1 2 1 2
150
1 0 1 2 1 1 0 0 2 0 2 0 1 0 2 1 2 2 1 0 0 2 2 0 1 1 2 1 1 0 2 2 0 2 2 0 2 0 0 0 1 1 0 0 1 2 1 2 2 2 2 1 0 1 1 2 2 0 1 0 2 2 0 1 1 0 2 0 0 2 1 1 1 1 0 1 0 0 1 1 0 0 0 0 1 0 2 0 0 0 0 2 2 1 1 1 0 2 2 0 2 2 0 2 2 1 0 0 2 1 2 0 0 2 1 2 0 1 0 1 1 1 1 2 2 1 0 2 2 1 1 0 0 1 0 0 0 2 0 1 1 0 2 0 0 1 0 2 1 1
116
1 0 0 1 1 1 1 1 1 0 1 0 1 0 2 1 1 2 1 2 2 1 1 0 0 2 2 1 1 0 2 0 1 2 1 1 0 2 0 2 2 1 0 0 2 0 1 2 2 2 1 1 0 1 2 1 0 0 0 1 2 1 0 0 1 0 2 0 2 2 1 1 1 0 1 2 1 1 0 0 2 2 2 2 2 2 1 2 2 0 1 0 2 1 2 1 1 0 0 0 0 1 0 2 0 1 1 0 1 0 1 0 2 1 2 2
261
2 0 0 1 2 0 1 0 1 0 0 1 0 0 2 1 0 1 0 1 1 2 0 1 1 0 2 1 2 0 2 1 1 0 2 0 0 0 1 0 1 2 2 0 1 0 0 0 2 1 2 1 2 0 0 2 1 2 0 0 1 1 1 1 0 0 1 1 0 0 1 0 1 1 0 0 1 0 0 2 2 2 2 2 1 0 0 1 1 2 1 0 2 2 1 1 2 0 1 2 0 0 1 1 2 1 2 2 2 1 0 1 2 1 2 2 1 2 2 1 2 1 0 0 2 2 2 0 1 0 1 2 0 0 2 2 0 2 1 2 2 1 1 1 1 0 1 1 1 1 2 1 0 1 1 1 0 2 2 1 1 1 2 2 2 1 0 0 2 2 1 1 0 0 2 1 0 0 0 2 2 1 0 0 2 0 1 0 2 0 1 1 1 1 0 0 1 1 1 1 2 1 2 0 1 0 1 2 2 0 1 0 1 2 2 0 0 0 0 1 0 0 0 2 0 2 1 1 1 1 0 2 2 0 1 2 1 0 1 1 0 1 1 0 0 1 1 0 2 0 0 1 2 2 0 0 1 1 2 1 2
212
0 2 2 2 1 0 1 1 2 0 2 2 1 1 1 1 2 0 1 2 2 0 2 0 1 1 1 2 1 2 2 2 1 1 2 2 0 2 0 0 0 0 2 1 0 0 2 0 0 1 0 0 0 0 0 2 2 1 0 1 0 0 1 2 0 2 1 2 2 2 1 1 0 2 2 1 1 2 0 2 0 1 1 0 0 2 0 2 1 1 2 0 1 2 2 1 0 0 1 0 0 2 0 0 1 1 1 1 1 0 0 2 1 0 0 1 1 2 1 0 2 2 1 2 2 2 2 2 1 2 2 0 1 1 2 1 0 0 2 2 2 2 2 0 0 2 1 2 0 2 2 0 1 2 0 2 1 0 0 2 0 2 2 2 2 1 0 0 1 2 0 2 0 0 1 2 2 0 2 2 1 0 2 0 0 1 1 1 1 2 2 0 0 2 2 1 2 2 0 0 0 0 2 1 0 0 0 2 0 2 1 1
165
2 0 2 0 2 2 0 2 0 1 2 1 1 2 1 1 2 1 1 0 0 2 2 2 1 2 0 2 0 1 0 2 1 2 1 1 0 2 0 2 1 1 1 1 1 2 1 0 2 0 0 2 0 2 1 0 1 2 2 1 1 2 0 1 1 1 1 2 2 1 2 2 0 1 2 0 0 0 1 1 1 1 0 1 1 1 0 0 1 2 0 2 2 1 2 1 0 1 2 0 1 2 2 0 2 0 0 0 2 0 0 1 0 0 0 0 1 0 1 1 1 0 1 2 2 0 1 1 1 1 1 1 2 2 0 2 2 1 2 1 2 1 0 0 1 0 1 1 0 2 0 2 0 1 2 2 0 1 0 2 2 1 0 0 1
212
0 0 1 0 0 2 2 2 2 0 0 2 2 0 0 1 0 2 1 0 0 2 0 2 1 0 2 2 0 0 0 2 0 1 1 2 2 2 1 1 0 1 0 1 2 2 1 1 2 2 0 0 1 1 0 2 1 2 0 2 2 1 0 1 2 1 2 1 0 0 2 0 0 2 0 2 0 0 2 0 1 2 0 0 0 2 1 2 0 1 2 0 2 1 0 2 0 2 0 0 2 2 0 2 1 2 0 1 1 0 2 0 0 2 2 0 1 2 1 2 2 0 2 0 1 0 0 0 2 0 0 1 1 1 1 2 2 1 2 1 2 1 0 0 1 1 1 0 2 1 1 2 2 0 1 1 0 0 1 2 1 0 2 0 0 2 1 0 1 0 0 0 0 0 2 1 1 0 0 1 0 2 2 0 1 0 2 1 1 0 2 1 2 2 2 2 0 2 2 0 1 2 2 1 2 2 2 2 2 0 0 2
300
0 2 2 1 1 1 1 2 2 1 0 2 2 1 2 2 1 0 1 0 1 0 0 2 2 0 0 2 1 2 0 0 2 1 0 2 2 1 0 1 1 2 2 1 2 2 0 0 2 2 1 2 1 0 1 0 1 2 0 1 2 0 1 2 2 2 2 1 2 0 0 2 1 1 0 1 0 1 2 2 2 0 0 0 1 2 1 2 0 0 1 2 0 1 2 0 2 2 1 1 1 1 0 2 2 0 2 2 2 2 1 2 2 0 1 1 2 2 1 2 0 1 0 1 1 1 2 0 1 1 0 0 1 2 0 1 1 1 0 1 1 2 1 2 0 2 0 0 2 1 0 1 0 0 1 2 0 1 0 0 2 2 2 1 0 0 2 0 2 1 0 0 1 0 1 1 1 0 1 0 0 2 2 1 0 2 0 0 0 2 1 0 1 1 1 0 0 2 0 0 0 0 1 2 1 2 1 2 2 0 2 0 0 0 0 0 0 0 2 1 0 2 0 1 0 0 2 0 2 0 0 2 0 1 0 0 1 1 2 0 0 1 1 2 0 1 2 1 1 2 1 1 1 0 1 0 1 0 2 2 0 1 0 0 0 2 1 0 2 1 2 1 1 2 2 1 1 0 2 2 0 2 2 2 1 0 0 2 1 1 2 0 0 1 1 0 2 2 2 1
269
1 2 2 1 2 0 2 0 1 2 2 2 1 2 2 0 0 1 0 2 1 1 2 1 2 0 2 2 2 1 0 0 0 0 0 2 2 2 2 0 1 0 1 1 2 0 1 2 1 2 0 1 1 2 2 1 1 0 1 0 2 1 0 1 2 0 1 1 1 2 2 1 2 2 1 2 2 1 0 0 2 0 1 0 0 2 1 1 1 0 0 2 1 2 1 2 0 1 2 0 2 2 0 2 1 2 0 2 0 2 2 2 1 0 0 0 2 0 2 2 0 2 1 2 2 0 1 2 1 1 0 0 0 1 0 0 1 2 2 0 1 2 2 2 1 0 0 0 1 0 1 1 1 2 0 0 2 1 0 2 0 2 0 0 0 0 1 0 0 0 0 0 2 1 2 0 2 2 1 1 2 0 0 1 2 2 2 2 0 0 0 1 2 2 0 2 1 0 1 1 1 2 0 0 1 2 0 0 0 1 2 1 1 0 1 2 2 2 0 0 2 0 1 2 2 2 1 1 0 0 0 2 2 0 0 0 0 1 0 2 0 2 2 2 1 0 1 0 2 0 0 1 1 0 1 0 2 1 0 0 2 2 0 2 0 2 1 2 2
163
2 1 1 1 0 0 2 2 2 1 2 1 2 1 2 2 2 2 2 1 1 1 2 2 1 1 2 2 1 0 1 0 0 0 2 0 1 0 0 0 1 2 1 0 2 1 2 0 1 1 0 0 0 1 2 1 2 1 0 0 0 1 1 2 2 0 1 2 0 1 0 1 2 2 1 2 0 2 2 1 1 2 1 1 2 1 1 0 0 0 1 1 0 2 1 1 0 1 1 0 1 1 1 2 0 1 1 2 1 0 0 1 1 0 1 1 0 2 0 2 2 2 2 0 0 2 1 0 1 2 2 0 1 1 1 1 2 1 0 0 2 2 2 2 1 2 1 0 1 0 1 0 1 2 0 2 1 1 2 0 0 0 2
254
2 2 0 0 1 2 2 0 1 1 1 2 2 2 2 2 0 0 0 2 1 1 0 0 1 2 2 2 0 2 0 1 0 2 0 2 1 1 0 2 0 2 1 0 2 0 2 1 1 2 1 0 0 2 2 1 1 1 1 1 0 2 0 1 1 2 2 0 0 0 0 0 0 0 1 0 2 2 1 2 1 2 0 1 1 1 2 0 2 0 0 2 1 2 0 2 1 1 0 1 2 2 0 0 0 2 2 1 0 0 2 2 0 0 2 1 0 1 1 2 2 1 0 1 1 1 0 0 1 2 2 1 1 2 2 2 2 2 0 2 1 2 0 1 0 1 2 0 2 1 2 1 0 2 1 0 0 0 0 2 1 0 0 1 1 2 2 0 0 2 2 2 2 2 1 2 1 2 2 2 1 1 2 0 1 2 1 1 0 0 0 2 0 2 0 0 1 2 0 0 0 2 1 1 0 1 1 0 2 0 2 0 2 0 2 2 1 2 0 1 2 1 0 2 0 0 1 0 2 0 0 0 0 1 0 0 0 2 2 2 1 1 1 2 2 1 2 2 0 2 2 2 2 2
256
0 2 2 1 2 1 1 1 0 2 2 2 2 0 1 1 0 0 2 0 0 1 2 2 1 0 1 1 0 0 2 1 1 0 1 1 1 2 1 1 0 1 1 1 1 0 1 0 0 2 0 2 0 0 1 2 1 1 1 1 1 1 0 1 1 1 1 2 1 2 1 0 1 2 2 1 0 2 2 0 2 1 2 1 1 0 0 1 2 1 0 0 2 2 0 2 2 1 0 2 1 1 1 1 1 1 0 2 0 2 1 2 1 1 2 1 1 2 0 0 0 1 2 2 0 1 2 2 1 0 0 1 0 1 1 0 2 0 0 1 1 0 2 0 1 1 2 2 1 1 1 1 0 0 1 0 2 1 1 0 0 0 0 0 0 0 2 0 0 2 1 2 0 2 1 1 2 1 0 1 0 0 2 2 2 0 1 1 2 2 2 1 0 2 0 1 2 1 0 1 0 2 2 2 2 0 0 2 2 2 1 1 0 0 0 0 2 0 0 2 2 1 2 2 2 2 2 0 2 2 1 0 1 1 0 2 0 2 1 1 0 2 2 0 0 2 1 0 1 1 1 0 0 0 1 2
136
0 0 2 0 2 2 2 2 1 0 1 2 1 1 0 2 1 0 1 2 1 2 1 2 2 1 0 0 2 1 1 0 1 1 0 0 1 2 1 2 1 0 2 2 2 1 0 0 2 0 2 1 2 0 1 2 2 1 0 1 1 0 2 0 1 2 0 0 1 0 1 0 1 0 1 2 1 0 0 1 0 0 0 2 1 0 2 1 0 0 2 0 2 1 2 1 1 2 0 1 0 1 2 2 1 1 1 1 2 1 0 2 0 0 1 0 2 1 2 2 0 2 1 2 2 1 0 2 1 0 1 0 0 2 0 1
108
2 1 2 2 1 0 1 1 2 2 2 0 0 0 1 2 1 1 0 1 2 1 2 0 0 0 0 1 0 2 2 1 2 1 1 0 2 0 1 2 2 0 2 1 1 2 1 0 1 1 0 1 1 2 0 0 2 0 2 1 1 0 2 1 2 2 1 2 0 1 2 1 0 2 2 1 1 1 0 2 1 0 1 1 1 1 1 0 1 0 2 1 2 2 1 2 2 1 0 2 1 1 0 2 1 0 1 1
190
0 1 1 2 2 2 2 2 1 2 0 0 0 2 2 1 1 0 0 1 2 0 0 0 1 2 2 0 1 1 1 1 1 2 0 1 1 1 2 0 1 2 1 1 1 0 0 0 2 2 0 2 2 2 1 0 1 1 1 0 2 2 1 1 1 0 1 1 1 0 2 2 0 0 0 2 1 0 2 0 1 2 2 0 2 0 2 2 2 0 2 1 2 2 2 1 2 2 0 2 0 2 1 1 0 1 2 2 2 2 2 1 0 0 0 0 2 2 1 0 0 1 0 2 1 0 0 1 1 2 1 1 0 1 2 2 2 2 2 2 1 1 0 0 0 1 0 1 2 2 1 0 2 0 2 0 0 1 1 0 0 2 0 1 0 0 2 0 1 2 0 1 1 2 1 1 1 1 2 2 2 1 1 1 1 0 0 0 1 2
114
1 1 0 1 2 0 2 2 2 2 1 1 0 1 1 1 0 2 2 2 0 0 0 1 0 2 2 0 2 2 0 1 0 2 1 2 0 0 2 1 0 2 0 0 2 1 0 0 2 0 0 2 0 0 0 0 1 1 2 2 1 1 2 1 2 0 2 2 0 0 2 2 2 2 1 1 1 0 0 0 1 0 2 1 2 2 0 1 0 0 1 2 1 0 0 0 2 2 1 0 1 0 0 2 0 2 0 2 2 1 0 2 0 0
273
1 0 0 0 2 2 2 2 2 2 1 0 0 0 2 0 0 0 0 1 1 1 1 1 0 0 2 1 2 2 2 0 1 2 0 1 2 0 1 2 2 0 1 0 1 0 0 0 0 1 1 1 2 0 1 1 1 0 1 2 0 2 0 2 1 2 2 0 2 1 1 1 2 0 1 0 0 2 2 0 1 1 2 1 0 2 2 2 2 2 2 0 0 2 0 0 1 2 0 2 1 1 0 0 1 0 1 0 2 1 1 1 2 1 2 2 1 1 1 1 0 2 0 1 2 0 2 0 0 1 0 0 0 0 2 0 2 2 0 0 2 2 0 0 0 0 1 2 0 0 0 1 1 0 2 2 1 1 2 1 2 1 0 2 2 1 0 0 2 0 0 0 1 0 2 0 2 1 1 0 1 1 0 2 1 1 2 0 2 0 2 2 0 1 0 1 1 0 0 1 0 1 0 1 1 1 1 0 1 0 2 2 1 2 2 0 0 0 2 0 2 0 2 0 2 1 0 0 1 2 2 2 1 0 1 1 2 2 2 0 2 0 1 1 0 1 0 2 2 0 2 1 1 1 1 2 2 1 1 2 0 2 0 2 0 2 0 0 2 2 2 1 1
169
0 2 2 0 1 0 0 2 1 1 0 0 0 1 2 0 1 2 0 1 1 2 0 0 0 1 2 1 1 2 2 1 2 0 2 1 1 2 0 2 0 0 2 0 1 2 0 1 0 0 1 1 0 1 0 0 2 2 1 1 2 2 0 1 0 2 1 0 2 2 2 2 0 0 0 1 1 0 0 0 2 2 0 0 2 2 1 1 2 1 0 1 2 0 0 1 2 1 2 0 1 1 2 0 2 1 0 2 2 2 0 0 2 0 0 0 1 0 0 0 0 2 2 1 0 0 1 1 2 2 0 2 1 0 1 1 0 2 1 0 2 0 0 1 1 1 0 0 0 0 0 0 2 0 1 0 0 1 2 2 1 0 2 0 0 0 0 0 0
10
2 2 1 0 2 2 0 1 1 1
87
2 2 1 1 1 0 0 2 1 0 1 1 0 2 2 0 2 2 0 2 2 0 1 0 1 2 0 0 1 1 0 2 1 1 1 2 0 1 2 0 2 1 0 0 2 2 2 1 1 2 0 1 2 2 2 1 1 0 1 0 2 2 2 2 0 1 2 2 2 2 2 1 1 0 0 1 0 1 1 0 2 2 1 1 2 2 2
57
2 1 0 0 0 0 1 0 2 1 2 0 1 2 1 1 2 2 2 1 1 2 1 2 1 2 1 2 2 2 0 1 2 0 0 2 1 2 2 0 1 0 2 2 1 1 0 2 1 1 2 0 2 2 1 0 2
243
0 2 2 1 2 1 2 0 1 2 2 0 2 2 1 0 0 0 2 1 0 1 2 0 1 0 1 2 0 0 2 2 2 2 0 1 2 1 2 0 0 2 1 2 2 0 1 2 0 2 2 1 2 2 0 2 0 0 1 1 2 0 1 1 0 0 1 0 1 0 1 1 0 1 2 0 1 1 2 0 0 1 0 1 1 2 1 0 2 1 0 2 2 2 0 2 2 0 1 0 2 2 2 2 0 0 2 1 1 2 2 2 1 0 0 0 1 1 1 0 2 0 1 0 2 0 0 0 0 0 2 0 1 1 1 1 2 0 1 1 1 1 2 2 0 2 1 2 0 2 2 2 2 1 1 2 0 1 1 1 2 0 0 2 0 1 2 1 0 2 2 1 0 0 1 0 0 1 2 2 2 2 0 1 0 2 1 1 2 2 1 0 2 1 1 0 1 2 0 2 1 0 1 1 2 1 2 2 2 1 2 0 1 0 1 2 1 1 1 0 1 1 1 1 0 1 0 2 0 2 2 0 1 2 0 0 1 2 1 2 0 0 1
273
0 2 2 2 1 0 0 2 1 0 1 1 1 1 0 2 1 0 0 2 2 2 1 0 2 1 2 0 0 0 0 0 0 0 0 2 2 0 1 1 1 2 1 1 0 1 0 0 0 1 0 0 0 1 0 1 1 2 1 0 0 2 0 1 1 2 2 2 1 0 2 2 0 1 0 1 0 2 0 0 2 0 1 0 1 2 2 0 2 0 0 2 2 0 2 2 1 0 2 1 1 0 1 2 2 0 0 0 2 1 0 0 2 0 1 1 1 2 0 1 0 2 2 0 2 0 2 0 0 1 1 1 1 0 0 2 1 2 1 1 1 0 0 1 1 2 2 2 0 1 2 0 2 2 2 1 2 2 0 2 2 2 2 2 2 2 1 2 1 0 0 1 1 1 0 0 0 1 2 0 1 0 0 1 1 1 2 0 2 2 1 0 0 0 2 1 2 2 1 2 2 1 0 1 2 1 2 2 0 0 1 0 1 0 0 1 0 2 0 1 0 1 1 2 2 2 2 2 1 2 2 1 0 0 2 0 0 2 0 2 2 0 0 1 0 1 2 0 0 1 0 2 2 0 2 2 1 0 0 2 1 2 1 2 2 2 1 2 1 0 2 0 1
204
2 1 2 2 2 1 1 2 1 1 0 0 1 0 1 0 2 1 1 1 1 1 0 2 1 1 2 1 0 2 1 0 0 1 2 0 2 1 1 1 1 2 2 0 2 0 0 0 0 1 0 2 1 0 2 2 1 2 0 0 2 1 0 1 2 2 0 0 1 1 0 2 2 1 2 0 1 0 0 1 0 0 2 2 1 1 1 0 2 0 1 1 1 2 0 2 2 2 2 2 2 0 0 0 1 2 2 1 0 0 1 1 2 1 2 0 1 1 2 1 1 2 1 1 2 2 2 0 2 2 0 0 1 1 1 0 0 0 2 0 1 2 2 1 1 0 0 2 0 1 0 1 1 2 1 2 2 2 2 1 0 0 2 2 0 1 0 2 2 0 1 0 0 2 2 1 1 0 0 1 0 0 1 1 0 2 1 1 0 0 1 0 2 1 1 1 0 1 2 0 1 2 2 1
247
2 1 2 2 1 1 1 0 2 2 0 0 1 1 2 2 2 2 2 1 2 2 1 1 0 2 1 0 2 0 1 0 2 1 2 1 0 2 0 0 0 2 1 1 1 2 0 2 0 2 0 2 2 2 1 0 1 1 2 1 2 1 1 2 1 2 0 2 1 0 0 1 1 2 0 1 1 1 0 2 2 0 2 1 1 0 1 2 0 1 0 1 1 1 2 0 1 2 0 0 1 1 0 1 1 1 2 0 2 1 2 1 1 0 1 2 2 2 0 2 1 1 2 2 1 2 0 2 1 1 2 2 0 2 0 0 2 1 0 1 2 2 2 0 0 1 2 1 2 1 2 2 1 0 0 2 1 1 1 0 1 1 1 2 2 1 2 1 1 0 1 1 0 1 1 2 2 0 2 1 2 1 0 1 2 2 1 0 1 0 1 1 2 0 2 1 2 0 0 1 2 1 1 2 1 0 0 2 2 1 1 1 0 0 1 1 0 2 0 0 1 2 0 2 2 0 2 1 0 0 1 1 0 2 2 1 1 2 2 2 1 2 0 1 2 1 1
264
0 2 0 0 2 1 1 1 1 2 1 1 1 1 0 1 2 1 0 1 2 0 2 0 2 2 2 1 2 2 2 0 0 2 2 1 0 0 0 1 1 1 0 0 0 1 2 1 2 0 0 2 0 1 1 1 1 1 0 2 0 2 2 0 2 2 0 2 1 1 2 0 2 1 1 0 1 0 0 0 0 0 1 0 1 0 2 0 2 2 1 1 2 0 2 2 2 1 1 2 0 0 2 1 2 1 0 2 1 1 2 0 2 1 0 1 1 1 2 0 0 2 0 0 0 1 2 2 0 0 0 0 1 2 1 2 0 1 0 1 1 2 2 1 1 2 0 0 1 1 2 1 1 0 1 0 0 1 1 2 2 2 1 0 2 2 2 2 1 2 1 0 2 1 2 1 1 1 1 2 0 0 0 1 0 2 2 0 2 2 2 2 1 0 1 1 0 2 0 2 1 2 0 2 2 0 2 0 1 2 0 2 0 0 0 0 2 1 2 1 1 0 1 1 2 0 1 2 0 2 0 2 1 2 2 1 1 1 2 1 1 0 2 1 1 2 0 2 2 1 0 0 0 0 2 0 0 1 0 0 1 0 1 2
80
2 1 0 1 1 1 1 1 0 1 1 2 1 2 1 0 2 0 0 0 0 0 0 1 0 2 0 1 0 1 0 2 2 0 2 0 1 1 1 0 2 2 0 1 2 0 2 2 0 1 0 2 2 2 0 2 1 0 0 2 0 2 0 2 2 1 1 1 0 0 2 1 1 1 1 2 2 2 2 2
231
2 0 2 2 1 1 2 0 0 1 2 0 2 2 0 1 2 1 0 0 0 0 0 2 0 0 1 1 2 0 1 2 1 1 0 0 0 1 0 1 2 2 0 0 0 0 2 0 1 0 1 1 2 1 0 1 2 0 2 2 0 2 2 1 2 0 0 2 0 1 2 0 1 1 2 0 2 1 2 2 1 0 0 1 1 1 0 1 1 1 0 2 2 2 1 0 1 0 2 1 2 1 1 2 1 2 0 2 0 1 1 0 2 1 2 2 0 2 1 2 1 0 0 2 2 0 0 0 2 2 2 2 0 2 1 2 2 0 2 1 1 1 0 0 2 1 2 1 2 0 0 0 2 1 0 2 1 2 1 1 2 0 2 1 1 0 0 0 1 1 0 2 2 1 2 2 1 0 2 1 0 0 2 2 0 0 1 0 1 2 0 2 2 2 1 0 0 0 1 0 0 0 2 1 2 0 2 2 1 1 1 0 2 2 1 1 2 1 2 0 2 2 2 1 1 2 1 2 1 0 1
42
1 1 0 0 2 2 1 0 2 2 1 0 1 0 0 0 0 1 1 2 1 2 0 0 1 2 1 0 0 0 2 0 1 0 1 1 1 2 1 1 2 2
68
1 0 0 2 2 0 1 2 1 1 1 2 2 1 1 0 2 1 1 0 0 0 1 2 2 0 2 1 1 0 1 0 1 1 2 1 0 0 2 0 2 2 1 1 0 0 0 1 1 1 0 0 0 2 1 0 0 1 2 0 0 0 0 0 1 1 1 1
162
1 0 1 0 2 2 1 2 0 2 1 1 0 1 2 2 0 2 1 2 2 0 1 0 0 0 2 0 1 0 1 0 1 2 2 2 2 1 2 2 1 0 0 0 2 0 1 1 1 0 0 0 2 2 0 1 1 1 0 0 1 2 0 2 2 2 1 2 2 0 1 2 2 0 1 2 0 0 1 1 1 1 0 0 2 1 2 1 1 2 0 0 2 0 0 1 0 2 2 0 0 0 0 2 2 0 2 0 0 2 0 2 1 1 0 2 2 0 0 1 2 2 2 2 1 2 0 2 1 0 0 2 0 2 0 2 0 1 1 2 0 0 2 1 0 1 0 2 1 0 1 1 1 1 2 2 0 1 2 1 2 1
292
2 0 0 1 0 1 2 2 1 2 0 0 2 0 0 2 0 2 0 1 2 1 1 2 0 1 0 1 0 0 0 2 1 0 1 2 2 0 1 1 0 2 2 1 1 2 2 0 2 2 1 2 1 1 1 0 1 2 2 1 1 1 1 2 0 0 0 2 1 2 1 2 1 2 0 1 2 1 0 1 1 2 0 0 1 1 2 2 0 2 2 1 1 0 0 0 2 1 1 1 1 0 2 2 2 2 0 2 0 2 0 1 0 1 1 1 0 0 0 1 0 2 2 1 0 1 1 0 1 1 1 1 1 1 2 0 2 2 2 0 1 0 2 1 0 1 0 1 1 0 1 2 0 0 1 2 2 2 2 0 0 0 1 0 1 0 1 0 2 2 1 1 2 1 2 1 1 0 2 1 0 0 0 1 1 2 1 0 2 2 0 1 2 2 2 2 2 2 2 2 2 1 0 0 1 2 2 0 1 2 2 2 0 1 2 2 0 2 0 0 2 0 1 1 2 2 2 0 2 1 1 0 2 2 0 1 0 1 0 1 0 2 2 0 2 0 1 1 2 2 2 1 1 0 2 2 0 0 0 0 1 2 1 0 1 0 1 0 1 2 0 1 2 2 2 0 0 0 1 0 0 1 1 2 0 2 0 0 2 1 0 2
67
2 1 1 2 0 0 0 0 1 1 0 2 2 0 0 2 2 1 1 1 0 0 1 0 2 0 1 1 2 2 1 1 0 0 2 0 1 0 0 1 2 0 1 0 0 0 0 2 2 0 0 1 2 2 2 2 1 0 0 2 1 0 1 0 0 0 2
91
2 0 1 0 2 1 0 0 0 0 2 0 0 0 0 2 0 2 2 1 0 1 2 0 1 1 0 2 1 1 1 0 2 0 1 2 0 0 1 1 2 2 0 2 2 0 2 0 2 0 1 1 1 1 1 2 1 1 2 1 2 2 1 2 2 1 2 1 2 2 1 1 2 2 2 2 0 0 2 0 2 2 2 1 1 1 2 2 2 2 1
106
0 0 2 2 0 1 1 1 1 2 1 1 2 0 1 2 2 2 0 2 1 0 0 1 2 1 0 2 0 1 1 0 0 1 0 0 1 0 1 0 1 0 1 0 2 0 1 0 1 2 0 0 2 1 1 2 0 1 0 1 0 0 2 2 0 0 0 0 0 0 2 2 1 2 0 1 2 1 0 0 1 1 0 1 2 2 2 0 2 1 2 1 0 1 2 0 0 1 0 0 1 0 2 2 2 2
36
2 1 2 1 0 2 2 0 1 1 2 0 0 0 2 2 1 2 0 0 0 0 2 0 2 0 2 1 0 1 0 2 2 2 1 0
263
2 1 0 2 0 0 0 0 2 2 2 1 0 0 0 2 0 1 1 2 1 0 1 2 2 0 1 0 0 2 1 1 2 2 0 2 0 1 0 2 1 2 0 2 0 0 0 1 1 2 1 2 0 0 0 2 2 2 2 2 1 1 0 0 1 2 1 0 1 2 2 2 0 2 1 1 1 0 2 0 1 0 2 1 1 0 0 1 1 1 2 0 1 1 1 0 1 1 0 0 2 1 0 2 0 0 2 1 2 0 2 0 2 1 2 1 2 2 2 0 1 0 0 2 2 1 2 2 1 1 1 2 0 0 0 2 2 1 2 0 0 1 1 0 1 1 0 0 0 0 1 0 2 2 2 1 2 2 2 2 2 1 0 0 0 0 2 0 2 2 1 1 0 1 2 2 2 1 0 1 2 2 1 2 0 2 1 1 1 0 1 0 2 1 1 1 2 0 1 0 0 0 1 1 1 1 1 2 1 1 1 0 2 2 2 0 2 0 0 1 0 0 0 1 1 1 0 0 0 1 1 1 2 1 0 2 2 2 2 1 0 0 0 0 0 0 2 0 1 1 1 1 2 0 1 0 0 1 1 0 2 0 1
8
1 2 0 2 1 2 1 1
122
0 1 2 0 2 1 1 0 2 2 1 0 2 2 2 1 0 0 2 1 1 0 2 1 0 0 2 2 0 2 0 2 2 0 2 2 0 2 2 0 1 2 1 0 0 0 1 0 1 1 0 2 0 1 0 2 0 1 0 1 0 1 2 0 2 1 0 0 2 2 0 1 0 2 0 2 2 1 0 1 2 1 2 0 1 2 1 0 0 1 0 2 2 2 0 0 1 0 1 1 1 0 2 1 0 0 2 1 1 0 1 2 2 2 1 0 2 2 1 0 2 0
187
2 1 2 2 1 2 0 1 1 0 1 1 1 2 0 1 0 2 0 1 0 1 0 2 1 0 0 1 2 1 0 1 2 1 0 0 1 2 0 1 1 1 0 2 1 1 0 1 0 0 0 1 2 1 2 0 1 0 1 1 2 2 0 1 0 0 0 1 0 1 0 1 2 1 1 0 2 2 0 1 0 0 0 2 2 1 1 1 0 1 1 1 1 2 1 1 1 0 2 2 0 1 1 1 1 1 0 2 0 1 0 1 0 1 1 2 0 0 1 0 1 1 1 0 1 2 1 1 0 0 1 2 1 1 0 2 1 2 1 0 1 0 1 0 1 2 0 2 2 2 0 0 2 2 2 0 0 0 1 1 2 2 0 1 0 2 1 2 0 0 2 0 1 2 1 1 0 2 2 0 0 2 1 2 1 1 1
290
2 1 1 1 0 1 0 0 2 0 2 0 2 1 2 2 2 0 2 0 2 2 2 1 1 0 2 0 0 0 0 1 2 0 1 1 1 1 2 2 0 0 2 2 1 1 2 0 2 0 2 1 2 0 2 1 0 1 1 2 2 0 1 1 2 1 1 2 2 2 2 1 2 1 1 0 2 0 0 0 2 1 2 0 0 1 1 2 2 2 0 0 0 0 1 2 2 2 0 1 1 0 1 1 0 2 0 1 0 2 0 1 1 1 0 1 2 1 1 1 2 0 1 2 0 0 1 0 0 1 2 1 2 2 1 2 1 2 1 0 0 0 0 2 1 0 2 1 2 1 1 1 0 2 2 2 1 1 1 2 2 1 1 1 2 1 1 0 0 2 2 2 1 2 0 0 0 2 1 1 2 1 1 2 2 2 1 2 2 1 0 0 0 2 2 1 0 0 0 0 0 1 0 2 0 1 0 2 2 0 1 0 2 0 0 2 1 0 1 1 2 2 0 1 2 2 0 1 2 0 1 2 0 0 0 2 1 1 1 2 1 1 1 2 1 2 0 1 0 2 2 2 1 2 2 0 1 1 1 1 0 1 0 1 0 1 1 2 0 2 2 2 0 1 0 2 1 2 2 1 0 2 0 1 0 1 1 2 1 2
140
0 0 1 0 2 0 2 2 1 1 2 1 0 1 1 2 0 2 0 2 1 0 2 2 1 2 1 2 2 2 0 0 2 1 0 2 0 2 2 1 2 0 0 2 1 2 1 0 2 2 2 2 0 0 2 2 1 2 0 0 2 0 0 0 2 2 2 0 2 1 1 2 2 2 0 2 0 0 1 2 2 1 2 2 0 1 0 0 2 0 0 1 2 2 1 0 2 2 0 2 2 2 0 1 2 1 0 2 2 1 1 2 0 0 0 1 0 0 1 0 1 1 0 0 1 1 0 1 2 1 1 1 1 1 2 1 1 0 2 1
59
0 2 2 0 0 0 1 1 2 0 2 0 2 0 0 0 2 0 0 1 1 2 2 2 2 0 2 0 0 1 2 1 2 1 1 0 1 2 2 1 0 0 1 2 2 2 0 0 1 0 0 0 1 2 1 2 2 1 2
147
1 2 1 1 0 0 1 0 2 1 2 2 1 0 2 0 0 1 2 2 2 2 0 2 1 2 0 2 0 1 2 0 2 2 0 1 2 0 2 1 0 1 1 0 1 2 2 1 1 1 0 1 0 0 0 0 1 0 0 0 0 0 0 1 1 1 0 2 2 0 1 1 2 0 2 1 1 0 0 0 0 0 0 1 2 0 2 2 0 0 1 1 2 1 2 0 0 2 1 2 0 0 2 1 2 0 2 2 2 1 2 1 1 1 1 0 2 2 2 2 2 0 1 1 2 1 0 0 2 0 2 0 2 2 1 2 2 1 0 2 1 2 0 0 1 0 1
171
0 0 1 0 2 1 2 0 1 1 2 2 2 2 2 1 1 2 1 1 2 1 1 1 0 1 2 2 2 2 2 0 0 1 0 2 0 1 1 1 1 2 0 2 2 0 1 1 2 0 0 1 0 2 2 1 2 0 2 0 1 0 1 1 0 2 0 2 1 0 0 2 0 0 0 0 1 2 1 1 1 1 0 1 1 1 2 2 1 2 2 1 1 0 1 0 0 2 0 1 0 2 1 0 0 1 0 2 1 0 0 0 0 1 0 1 2 2 0 0 2 0 2 0 2 0 0 0 0 1 2 0 2 2 2 1 1 0 0 1 0 0 2 2 2 1 1 0 0 2 2 0 0 0 2 1 1 0 2 2 1 2 0 0 1 2 0 2 2 0 2
76
2 2 0 2 2 2 0 2 1 0 2 1 2 1 0 0 2 2 0 2 0 0 2 0 0 2 0 1 2 1 0 0 2 0 0 2 0 2 0 1 0 2 0 1 2 2 2 2 1 2 2 2 0 0 2 2 2 2 1 0 2 1 2 2 0 1 0 2 2 0 2 2 0 2 2 1
96
0 1 2 0 0 2 1 0 1 1 0 0 2 1 1 2 1 2 2 0 0 0 2 0 0 2 2 1 0 1 2 1 1 0 0 0 1 0 0 0 0 2 0 2 1 1 1 2 1 1 2 0 2 2 2 2 2 0 0 0 2 0 1 1 2 1 2 1 2 2 1 2 2 1 1 2 0 0 1 2 2 2 1 0 2 2 1 1 2 0 0 2 1 2 2 2
275
1 0 2 1 0 1 0 2 2 2 2 2 1 1 1 2 0 2 0 2 2 0 0 0 1 2 0 2 0 2 2 0 0 2 0 0 1 1 2 0 2 1 1 2 1 0 0 0 0 1 2 1 1 2 2 2 2 2 1 1 1 2 1 1 0 0 2 2 1 1 0 0 2 1 1 0 1 2 2 2 0 2 0 2 1 1 1 2 0 2 1 2 2 0 0 2 0 0 0 0 2 1 2 2 2 0 2 1 2 0 0 0 1 1 1 2 1 1 0 0 2 1 2 1 1 1 1 1 1 0 0 2 1 2 1 0 1 2 1 1 0 1 2 2 1 1 2 1 0 0 0 2 1 1 1 1 0 1 2 1 0 2 1 1 0 0 2 0 1 2 0 2 2 2 2 2 0 1 2 1 1 2 0 1 1 2 0 1 0 0 0 2 2 2 1 2 2 2 1 0 1 1 2 2 0 1 1 1 1 0 1 0 2 1 1 2 1 1 1 0 2 2 1 1 1 0 2 2 2 0 1 1 0 2 2 1 0 0 1 0 1 0 2 0 1 1 2 0 0 1 2 2 2 0 1 0 2 2 2 0 0 0 2 2 2 0 2 1 0 0 2 0 1 2 0
25
0 1 2 0 0 0 2 2 0 0 0 1 2 2 1 0 2 2 1 1 1 1 2 1 0
70
2 2 0 1 0 2 1 2 1 2 0 1 0 1 2 0 2 2 2 1 2 1 0 2 2 0 1 0 1 0 0 0 2 1 2 2 0 0 1 0 0 2 0 1 0 0 0 2 0 0 1 1 1 0 2 0 1 2 0 1 2 2 1 0 2 1 2 2 0 1
150
2 2 0 1 0 2 1 2 2 2 0 1 2 2 2 2 0 1 2 0 2 0 2 2 0 1 0 2 0 2 2 1 0 2 0 2 1 0 0 1 0 1 0 0 0 2 0 1 2 1 1 1 2 1 2 2 0 0 2 1 2 0 2 0 2 0 0 0 2 2 1 2 1 1 0 2 0 1 2 1 0 0 0 1 0 2 2 1 2 2 2 2 2 1 2 2 2 0 2 0 2 2 1 0 0 1 0 0 2 2 0 1 1 1 2 2 1 2 2 1 0 1 2 1 0 2 0 1 0 2 2 2 1 1 2 2 0 2 2 0 0 1 2 2 0 2 1 0 1 2
173
1 2 1 2 2 2 2 0 2 2 1 2 0 0 0 0 2 0 0 2 1 1 2 2 0 2 1 0 0 1 1 2 1 0 1 1 2 0 2 0 0 2 0 1 0 0 1 2 1 1 1 0 1 2 2 1 2 2 1 2 1 1 2 1 0 1 1 0 2 1 0 0 2 0 2 1 2 2 0 2 2 1 2 0 1 1 1 1 2 1 0 2 0 1 0 1 1 1 1 0 0 0 1 0 2 0 2 2 1 1 2 0 2 2 0 0 0 0 0 0 0 1 2 0 1 0 1 2 0 2 1 0 0 0 1 1 2 1 0 0 2 2 0 0 0 2 0 0 0 1 0 1 2 1 1 0 1 2 1 2 2 1 2 1 1 2 2 1 2 2 1 0 1
128
0 2 2 2 0 1 2 0 1 1 1 2 0 0 2 0 2 1 0 2 2 0 1 1 1 0 2 2 2 0 1 0 2 2 0 1 1 1 0 1 2 1 1 2 0 2 2 0 2 0 0 1 1 0 1 2 2 2 0 2 0 1 0 0 0 2 1 0 2 2 1 1 0 1 1 0 1 1 0 1 2 2 2 2 1 0 0 2 0 2 1 1 2 2 0 2 1 0 0 1 0 1 1 1 1 0 2 2 2 0 2 1 2 1 1 0 2 2 2 1 0 1 1 0 2 0 0 0
226
0 0 2 0 2 0 1 2 1 0 1 1 0 2 0 1 0 0 1 2 1 1 1 0 2 1 0 2 1 2 1 0 1 2 1 0 2 1 1 0 1 2 1 0 2 0 1 0 2 1 0 1 1 1 0 0 0 0 1 1 2 1 1 2 1 0 1 1 2 0 0 0 2 2 2 0 0 0 2 1 2 1 0 2 1 2 2 0 1 1 0 0 2 1 0 2 1 2 0 0 2 2 0 0 0 2 2 0 1 2 2 0 2 1 1 1 1 0 2 0 0 2 0 0 0 0 2 2 0 2 0 1 0 1 2 1 1 1 2 0 0 1 0 1 0 0 0 0 2 2 2 1 0 1 1 2 1 0 0 1 1 1 0 1 0 0 1 0 2 0 1 1 2 0 1 1 0 1 0 1 0 0 1 0 0 1 1 0 1 1 1 1 0 1 1 0 2 0 2 2 2 0 0 0 2 0 0 0 0 0 1 1 1 2 2 2 2 1 2 1 2 0 1 1 1 1
21
2 2 2 2 2 1 2 2 2 2 1 0 1 0 2 0 0 0 2 0 2
49
2 1 2 1 0 1 2 0 1 2 1 2 2 1 0 2 0 2 1 0 0 2 0 2 1 2 1 1 1 1 1 1 1 1 0 0 2 0 1 0 0 1 0 2 0 1 2 1 0
